1.97373	-307.9901394
1.98373	-307.9941552
1.99373	-307.9980042
2.00373	-308.0016914
2.01373	-308.0052219
2.02373	-308.0086007
2.03373	-308.0118322
2.04373	-308.0149213
2.05373	-308.0178722
2.06373	-308.0206894
2.07373	-308.0233769
2.08373	-308.0259389
2.09373	-308.0283794
2.10373	-308.030702
2.11373	-308.0329107
2.12373	-308.035009
2.13373	-308.0370005
2.14373	-308.0388886
2.15373	-308.0406766
2.16373	-308.0423679
2.17373	-308.0439656
2.18373	-308.0454728
2.19373	-308.0468926
2.20373	-308.0482279
2.21373	-308.0494817
2.22373	-308.0506569
2.23373	-308.0517561
2.24373	-308.0527822
2.25373	-308.0537379
2.26373	-308.0546258
2.27373	-308.0554486
2.28373	-308.0562088
2.29373	-308.0569091
2.30373	-308.057552
2.31373	-308.0581398
2.32373	-308.0586757
2.33373	-308.0591613
2.34373	-308.0595993
2.35373	-308.0599923
2.36373	-308.0603425
2.37373	-308.0606522
2.38373	-308.0609233
2.39373	-308.0611583
2.40373	-308.0613591
2.41373	-308.0615276
2.42373	-308.0616658
2.43373	-308.0617754
2.44373	-308.0618582
2.45373	-308.0619157
2.46373	-308.0619495
2.47373	-308.0619611
2.48373	-308.0619516
2.49373	-308.0619226
2.50373	-308.061875
2.51373	-308.0618102
2.52373	-308.061729
2.53373	-308.0616326
2.54373	-308.0615219
2.55373	-308.0613978
2.56373	-308.061261
2.57373	-308.0611126
2.58373	-308.0609531
2.59373	-308.0607834
2.60373	-308.0606041
2.61373	-308.0604159
2.62373	-308.0602195
2.63373	-308.0600154
2.64373	-308.0598043
2.65373	-308.0595866
2.66373	-308.0593629
2.67373	-308.0591337
2.68373	-308.0588994
2.69373	-308.0586605
2.70373	-308.0584174
2.71373	-308.0581704
2.72373	-308.05792
2.73373	-308.0576663
2.74373	-308.0574098
2.75373	-308.0571507
2.76373	-308.0568893
2.77373	-308.0566256
2.78373	-308.05636
2.79373	-308.0560925
2.80373	-308.0558234
2.81373	-308.0555528
2.82373	-308.0552808
2.83373	-308.0550076
2.84373	-308.0547333
2.85373	-308.054458
2.86373	-308.054182
2.87373	-308.0539054
2.88373	-308.0536282
2.89373	-308.0533508
2.90373	-308.0530731
2.91373	-308.0527954
2.92373	-308.0525176
2.93373	-308.0522399
2.94373	-308.0519623
2.95373	-308.051685
2.96373	-308.0514078
2.97373	-308.051131
2.98373	-308.0508544
2.99373	-308.0505783
3.00373	-308.0503026
3.01373	-308.0500276
3.02373	-308.0497533
3.03373	-308.0494799
3.04373	-308.0492076
3.05373	-308.0489366
3.06373	-308.048667
3.07373	-308.0483989
3.08373	-308.0481326
3.09373	-308.0478678
3.10373	-308.0476048
3.11373	-308.0473434
3.12373	-308.0470838
3.13373	-308.0468256
3.14373	-308.0465692
3.15373	-308.046314
3.16373	-308.0460606
3.17373	-308.0458084
3.18373	-308.045558
3.19373	-308.0453088
3.20373	-308.0450613
3.21373	-308.0448152
3.22373	-308.0445708
3.23373	-308.044328
3.24373	-308.0440869
3.25373	-308.0438474
3.26373	-308.0436098
3.27373	-308.0433737
3.28373	-308.0431395
3.29373	-308.0429068
3.30373	-308.042676
3.31373	-308.0424467
3.32373	-308.0422193
3.33373	-308.0419934
3.34373	-308.0417694
3.35373	-308.041547
3.36373	-308.0413263
3.37373	-308.0411073
3.38373	-308.0408902
3.39373	-308.0406747
3.40373	-308.0404611
3.41373	-308.0402493
3.42373	-308.0400393
3.43373	-308.039831
3.44373	-308.0396246
3.45373	-308.03942
3.46373	-308.0392172
3.47373	-308.0390161
3.48373	-308.0388169
3.49373	-308.0386193
3.50373	-308.0384235
3.51373	-308.0382293
3.52373	-308.0380367
3.53373	-308.0378458
3.54373	-308.0376565
3.55373	-308.0374687
3.56373	-308.0372823
3.57373	-308.0370977
3.58373	-308.0369144
3.59373	-308.0367325
3.60373	-308.0365523
3.61373	-308.0363733
3.62373	-308.0361958
3.63373	-308.0360198
3.64373	-308.0358452
3.65373	-308.0356719
3.66373	-308.0355002
3.67373	-308.0353297
3.68373	-308.0351607
3.69373	-308.0349932
3.70373	-308.0348271
3.71373	-308.0346623
3.72373	-308.034499
3.73373	-308.0343371
3.74373	-308.0341766
3.75373	-308.0340175
3.76373	-308.0338598
3.77373	-308.0337035
3.78373	-308.0335486
3.79373	-308.0333951
3.80373	-308.0332429
3.81373	-308.0330921
3.82373	-308.0329426
3.83373	-308.0327945
3.84373	-308.0326476
3.85373	-308.0325022
3.86373	-308.0323579
3.87373	-308.032215
3.88373	-308.0320732
3.89373	-308.0319329
3.90373	-308.0317937
3.91373	-308.0316557
3.92373	-308.0315189
3.93373	-308.0313834
3.94373	-308.031249
3.95373	-308.0311158
3.96373	-308.0309838
3.97373	-308.030853
3.98373	-308.0307233
3.99373	-308.0305947
4.00373	-308.0304671
4.01373	-308.0303407
4.02373	-308.0302155
4.03373	-308.0300913
4.04373	-308.0299682
4.05373	-308.029846
4.06373	-308.029725
4.07373	-308.029605
4.08373	-308.029486
4.09373	-308.029368
4.10373	-308.029251
4.11373	-308.029135
4.12373	-308.0290201
4.13373	-308.0289061
4.14373	-308.0287931
4.15373	-308.0286811
4.16373	-308.02857
4.17373	-308.0284599
4.18373	-308.0283509
4.19373	-308.0282427
4.20373	-308.0281355
4.21373	-308.0280292
4.22373	-308.0279238
4.23373	-308.0278194
4.33373	-308.0268229
4.43373	-308.0259075
4.53373	-308.0250693
4.63373	-308.0243025
4.73373	-308.023604
4.83373	-308.0229705
4.93373	-308.0223963
5.03373	-308.0218771
5.13373	-308.02141
5.23373	-308.020989
5.33373	-308.0206091
5.43373	-308.0202659
5.53373	-308.019955
5.63373	-308.0196722
5.73373	-308.0194135
5.83373	-308.0191758
5.93373	-308.0189561
6.03373	-308.0187521
6.13373	-308.0185619
6.23373	-308.0183836
6.33373	-308.0182159
6.43373	-308.0180577
6.53373	-308.0179081
6.63373	-308.0177663
6.73373	-308.0176316
6.83373	-308.0175036
6.93373	-308.0173815
7.03373	-308.0172651
7.13373	-308.0171539
7.23373	-308.0170477
7.33373	-308.0169462
7.43373	-308.0168489
7.53373	-308.0167558
7.63373	-308.0166666
7.73373	-308.016581
7.83373	-308.0164988
7.93373	-308.0164199
8.03373	-308.0163441
8.13373	-308.0162713
8.23373	-308.0162012
8.33373	-308.0161337
8.43373	-308.0160687
8.53373	-308.0160061